accuracy: 0.8235294117647058
precision(macro): 0.4955
precision(micro): 0.8235
precision(None): [1.         0.94615385 0.78571429 0.         0.         0.
 0.66666667 0.89583333 0.         0.66101695]
recall(macro): 0.4288
recall(micro): 0.8235
recall(None): [0.4        0.9609375  0.55       0.         0.         0.
 0.85714286 0.671875   0.         0.84782609]
f1(macro): 0.4433
f1(micro): 0.8235
f1(None): [0.57142857 0.95348837 0.64705882 0.         0.         0.
 0.75       0.76785714 0.         0.74285714]
class accuracys: 0.9868, 0.9492, 0.9492, 0.9912, 0.9825, 1.0, 1.0, 0.9912, 1.0, 0.9825, 1.0, 0.896, 1.0, 1.0, 1.0, 1.0, 0.9825, 1.0, 0.8924, 1.0


